# Institute ids appearing in STUDENTS.csv but absent from DB (snapshot; no live recheck).
# One digit id per line; lines starting with # ignored.
11455
11481
11619
11644
11648
11650
11661
15242
15309
15318
15336
15358
15360
15361
15391
15439
15445
15448
15460
15468
15479
15488
15489
21126
21138
21341
21361
21379
21380
21413
21438
21442
21444
21459
21463
21500
21502
21503
21504
21506
22235
22251
22252
23067
23179
23202
31124
31172
31220
31282
31288
31321
31322
31323
31324
31325
31327
32145
33178
33179
34042
41109
42095
42164
42165
44088
45019
45061
51245
51276
52092
52093
53084
54160
54161
55036
55085
61302
61347
61375
62147
63015
63050
63120
63243
63266
63273
65014
65061
71085
71086
71120
71300
71394
71463
71525
71549
71554
71563
71585
71594
73062
73066
74110
74111
75151
76034
81061
81122
81123
81124
81126
81127
82094
82099
82107
83016
83181
83246
