3078
3628
3790
4344
5231
5375
5580
5581
5704
6732
6813
6920
8008
8016
8031
8052
8058
8063
8065
8069
9907
10245
10438
10441
10781
10911
11017
12525
12530
12531
12532
12533
12537
12539
12547
12556
12560
12601
12624
14571
14575
14576
15401
15745
15972
17100
17364
17368
20062
20079
20401
20498
21204
21213
21232
21239
21247
21251
21257
21703
22334
23613
23625
24602
24606
24648
25055
25713
26494
28549
29652
30628
30720
31205
31645
32304
32359
32363
34496
34986
36437
36824
39759
40302
40787
42602
42605
43244
43603
44932
45083
46420
50625
51468
51608
51768
51991
52261
52932
53965
54002
54042
56952
57194
58110
59271
59275
59495
59610
59611
59618
59774
60274
61113
61174
61282
61824
61833
61834
62428
62441
62921
62922
62923
62924
62925
63133
63293
63403
63432
63520
63858
63861
63862
63864
63895
63925
64130
64780
64799
64885
66144
66261
66880
66928
66930
66933
66945
67006
67068
67168
67362
67627
67694
68986
69263
69277
69690
72784
72937
74700
74987
78275
78289
78299
78314
78335
78360
78558
79375
79490
82977
82996
83987
84079
85412
87115
88359
88448
89723
89724
89911
89914
90053
90054
90309
91301
91405
91449
91594
91650
92210
93030
93464
94965
95085
96154
96506
96616
96710
97071
97117
97939
97960
98100
98109
98119
98537
98542
99052
99349
99366
100249
100282
100302
100553
100880
100978
101031
101175
101553
101573
101853
101883
101892
101915
102048
102485
102677
102711
103024
103174
103176
103177