12
13
21
22
38
47
71
72
94
95
96
101
106
108
118
119
123
124
134
157
159
161
162
163
164
173
186
188
190
191
202
203
242
261
262
265
266
282
283
287
288
305
312
313
316
317
346
347
373
374
392
393
412
413
433
434
447
466
467
478
479
488
503
511
512
519
520
531
558
559
562
563
564
565
566
568
569
570
576
577
588
589
595
596
597
598
602
603
607
608
656
657
660
661
662
663
673
674
675
676
694
696
702
703
723
725
742
743
747
748
797
803
823
847
848
861
868
869
910
911
917
918
935
936
937
945
946
951
952
954
955
967
968
1018
1019
1028
1029
1034
1045
1077
1078
1080
1081
1082
1091
1092
1093
1094
1100
1104
1105
1125
1126
1147
1148
1154
1155
1173
1174
1183
1184
1193
1194
1197
1198
1214
1215
1216
1217
1218
1219
1233
1234
1235
1260
1261
1267
1268
1288
1293
1294
1299
1300
1306
1307
1354
1355
1464
1465
1467
1468
1473
1474
1475
1476
1480
1481
1482
1483
1487
1488
1514
1515
1618
1619
1620
1621
1629
1630
1644
1645
1646
1647
1648
1657
1658
1683
1707
1708
1709
1710
1720
1721
1733
1734
1766
1767
1822
1823
1835
1836
1844
1845
1858
1859
1867
1868
1871
1872
1880
1881
1882
1883
1893
1894
1931
1936
1937
1941
1942
1945
1963
1967
1972
1973
1978
2005
2016
2017
2025
2026
2048
2049
2050
2051
2070
2071
2074
2075
2084
2087
2098
2099
2100
2101
2103
2104
2105
2106
2153
2154
2157
2164
2165
2166
2167
2168
2187
2197
2222
2223
2239
2240
2252
2253
2257
2258
2267
2268
2273
2274
2276
2277
2279
2280
2283
2284
2286
2287
2288
2289
2291
2292
2298
2299
2308
2309
2331
2332
2333
2334
2345
2346
2368
2378
2379
2395
2396
2397
2445
2452
2480
2481
2509
2510
2542
2543
2571
2572
2600
2601
2602
2603
2611
2612
2639
2640
2645
2646
2648
2649
2650
2651
2652
2653
2681
2682
2776
2777
2800
2801
2827
2828
2838
2844
2845
2850
2851
2853
2854
2855
2911
2912
2947
2948
2949
2952
2957
2966
2967
2974
2975
2977
2978
2995
2996
3001
3002
3006
3007
3008
3039
3040
3090
3091
3101
3102
3135
3136
3161
3162
3173
3174
3179
3180
3196
3197
3212
3213
3307
3315
3360
3369
3402
3403
3408
3409
3410
3411
3417
3418
3419
3437
3517
3518
3544
3545
3568
3569
3580
3581
3592
3593
3596
3597
3598
3605
3606
3611
3622
3623
3672
3673
3681
3682
3697
3698
3711
3712
3718
3719
3785
3786
3792
3812
3845
3846
3851
3852
3856
3872
3914
3915
3916
3917
3918
3919
3923
3929
3930
3932
3956
3957
3974
3975
3982
3983
3986
3992
4047
4048
4064
4065
4102
4104
4112
4113
4227
4228
4299
4300
4302
4303
4306
4307
4310
4319
4349
4350
4378
4379
4399
4400
4404
4405
4426
4427
4463
4464
4484
4489
4494
4497
4507
4508
4512
4513
4514
4516
4517
4521
4522
4532
4533
4543
4544
4552
4555
4560
4576
4577
4604
4605
4614
4615
4620
4654
4655
4657
4658
4681
4682
4684
4685
4714
4715
4725
4726
4735
4740
4758
4759
4772
4773
4807
4808
4811
4812
4815
4816
4823
4824
4825
4826
4827
4828
4853
4854
4864
4872
4873
4876
4880
4881
4886
4892
4959
4960
4966
4987
4988
4989
4995
4996
5019
5026
5027
5032
5033
5042
5058
5073
5074
5075
5076
5077
5113
5114
5122
5123
5127
5128
5136
5139
5145
5148
5155
5169
5170
5185
5190
5191
5192
5193
5200
5202
5203
5215
5235
5236
5260
5261
5266
5267
5299
5302
5303
5304
5334
5335
5341
5342
5354
5355
5391
5392
5393
5409
5410
5413
5456
5465
5468
5469
5490
5491
5503
5514
5531
5532
5537
5538
5554
5555
5556
5561
5562
5563
5564
5565
5566
5567
5569
5570
5571
5576
5577
5578
5579
5582
5583
5595
5596
5605
5606
5608
5609
5642
5643
5671
5672
5673
5674
5675
5676
5677
5678
5718
5719
5754
5760
5765
5767
5768
5778
5779
5789
5796
5797
5811
5812
5865
5866
5873
5874
5875
5876
5901
5902
5904
5924
5925
5926
5934
5935
5939
5940
5941
5942
5951
5952
6005
6006
6030
6031
6051
6052
6091
6092
6225
6226
6274
6275
6345
6346
6348
6349
6351
6352
6353
6356
6364
6365
6366
6410
6411
6431
6432
6434
6435
6440
6441
6457
6459
6467
6471
6472
6482
6491
6492
6514
6515
6552
6553
6580
6581
6582
6583
6599
6600
6625
6626
6640
6641
6648
6649
6661
6662
6671
6672
6675
6676
6693
6694
6705
6706
6720
6723
6724
6726
6727
6731
6736
6737
6740
6744
6756
6757
6772
6773
6780
6781
6782
6794
6796
6799
6800
6806
6814
6815
6817
6829
6836
6837
6840
6841
6842
6844
6845
6846
6875
6876
6880
6881
6886
6887
6909
6916
6917
6919
6938
6939
6987
6988
7002
7003
7038
7043
7044
7046
7047
7048
7056
7057
7094
7095
7146
7147
7151
7152
7156
7157
7180
7181
7227
7228
7230
7231
7232
7233
7237
7238
7239
7240
7245
7246
7253
7254
7255
7256
7258
7260
7284
7287
7288
7290
7297
7304
7358
7359
7363
7364
7381
7382
7400
7401
7404
7405
7411
7412
7443
7454
7478
7479
7504
7509
7512
7513
7518
7519
7521
7522
7550
7551
7553
7554
7557
7558
7576
7588
7589
7649
7650
7664
7679
7680
7708
7709
7719
7720
7724
7755
7756
7757
7801
7802
7803
7804
7807
7808
7811
7812
7849
7850
7856
7866
7867
7875
7876
7877
7883
7884
7885
7886
7890
7891
7894
7895
7904
7905
7906
7907
7915
7916
7934
7935
7946
7947
7950
7951
7986
7987
7998
7999
8066
8067
8078
8079
8087
8088
8091
8092
8095
8096
8098
8099
8169
8178
8179
8182
8201
8202
8203
8204
8220
8224
8257
8258
8275
8276
8412
8413
8463
8465
8468
8469
8473
8474
8476
8477
8503
8504
8517
8518
8525
8526
8531
8532
8534
8535
8539
8542
8548
8549
8561
8562
8578
8579
8610
8620
8630
8631
8633
8634
8657
8658
8669
8670
8671
8672
8676
8677
8680
8681
8689
8690
8693
8701
8702
8703
8740
8741
8742
8743
8801
8802
8803
8804
8811
8812
8849
8850
9019
9020
9021
9022
9024
9025
9041
9043
9053
9086
9089
9090
9096
9097
9105
9106
9118
9125
9126
9134
9175
9181
9183
9184
9185
9186
9196
9204
9209
9210
9242
9249
9278
9279
9282
9283
9292
9293
9305
9306
9332
9333
9372
9373
9430
9431
9517
9518
9532
9540
9544
9545
9553
9554
9598
9601
9612
9613
9627
9628
9641
9642
9647
9681
9682
9698
9702
9703
9710
9711
9718
9719
9739
9740
9771
9772
9805
9806
9819
9820
9827
9828
9831
9832
9861
9862
9902
9917
9918
9924
9925
9931
9932
9948
9950
9951
9987
9988
10016
10017
10032
10033
10045
10046
10048
10049
10051
10054
10055
10058
10059
10066
10067
10068
10069
10070
10071
10077
10083
10092
10098
10099
10100
10106
10107
10111
10112
10116
10123
10128
10150
10151
10172
10173
10205
10206
10220
10221
10233
10234
10246
10247
10319
10320
10334
10335
10345
10346
10356
10357
10415
10416
10446
10447
10510
10520
10562
10563
10567
10569
10588
10592
10598
10599
10642
10643
10654
10655
10678
10679
10680
10683
10685
10686
10690
10691
10706
10707
10756
10757
10761
10798
10799
10817
10818
10851
10852
10873
10892
10893
10894
10903
10904
10915
10919
10920
10948
10968
10969
10992
10993
11038
11039
11041
11042
11053
11054
11063
11064
11094
11095
11099
11100
11109
11110
11112
11113
11123
11134
11218
11267
11285
11286
11287
11288
11301
11302
11310
11311
11330
11331
11350
11351
11367
11368
11389
11390
11412
11413
11460
11461
11473
11474
11510
11511
11526
11527
11548
11549
11564
11565
11572
11573
11577
11578
11607
11608
11613
11614
11623
11624
11647
11648
11675
11676
11682
11683
11684
11685
11688
11689
11700
11701
11710
11711
11717
11718
11730
11731
11732
11733
11739
11740
11741
11750
11751
11781
11782
11788
11789
11801
11821
11822
11921
11951
11952
11953
11954
11955
11961
11965
11966
11977
11978
12015
12016
12017
12018
12049
12140
12141
12184
12185
12206
12207
12266
12268
12282
12287
12318
12319
12346
12347
12363
12364
12391
12392
12415
12416
12433
12434
12442
12443
12452
12453
12454
12455
12468
12469
12478
12479
12489
12490
12522
12523
12534
12535
12538
12549
12572
12573
12643
12689
12690
12696
12736
12737
12738
12739
12740
12741
12742
12743
12746
12747
12750
12751
12752
12753
12758
12759
12776
12777
12784
12785
12793
12794
12807
12808
12811
12812
12823
12824
12911
12912
12981
12982
13016
13017
13089
13090
13111
13112
13119
13120
13146
13147
13171
13172
13253
13254
13257
13258
13267
13268
13307
13308
13310
13311
13332
13333
13343
13344
13360
13361
13379
13380
13426
13434
13450
13451
13456
13457
13489
13490
13513
13514
13534
13535
13540
13541
13562
13563
13564
13565
13593
13611
13616
13619
13620
13621
13622
13639
13640
13666
13667
13686
13692
13693
13718
13719
13746
13747
13787
13788
13795
13796
13808
13809
13824
13825
13830
13831
13846
13847
13884
13885
13901
13902
13910
13919
13920
13924
13925
13943
13944
13949
13950
13966
13967
13971
14011
14012
14043
14044
14046
14047
14084
14085
14103
14104
14108
14131
14132
14147
14148
14153
14155
14235
14236
14264
14265
14281
14282
14307
14309
14371
14372
14373
14374
14426
14427
14577
14578
14604
14605
14627
14628
14670
14671
14684
14685
14686
14687
14714
14715
14749
14750
14756
14757
14823
14843
14914
14915
14919
14920
14961
14962
14967
14968
14988
14989
15025
15026
15042
15043
15045
15075
15098
15099
15197
15198
15203
15204
15225
15226
15235
15236
15238
15239
15272
15273
15319
15320
15385
15386
15388
15389
15391
15392
15412
15413
15431
15432
15439
15440
15488
15489
15506
15507
15516
15517
15578
15579
15594
15595
15629
15632
15633
15641
15643
15645
15723
15724
15741
15742
15756
15757
15765
15766
15773
15774
15777
15797
15817
15818
15831
15832
15833
15862
15863
15878
15880
15881
15903
15907
15908
15909
15910
15927
15928
15930
15931
15942
15944
16029
16030
16036
16037
16152
16158
16173
16174
16186
16187
16213
16214
16226
16227
16239
16243
16321
16322
16332
16333
16348
16349
16350
16351
16352
16353
16358
16359
16362
16363
16377
16378
16412
16421
16430
16431
16473
16474
16494
16495
16533
16534
16537
16538
16545
16547
16551
16552
16571
16572
16573
16574
16575
16576
16577
16578
16581
16582
16585
16586
16587
16588
16595
16596
16601
16602
16619
16620
16672
16673
16689
16690
16724
16726
16751
16752
16795
16796
16799
16800
16803
16804
16874
16875
16881
16893
16897
16898
16918
16919
17015
17016
17025
17026
17027
17028
17037
17038
17051
17052
17054
17055
17068
17069
17070
17071
17094
17095
17099
17113
17115
17134
17135
17151
17152
17206
17208
17217
17218
17259
17260
17274
17275
17306
17311
17313
17350
17351
17384
17401
17403
17410
17411
17412
17445
17446
17448
17461
17462
17473
17474
17479
17480
17499
17500
17548
17552
17553
17558
17590
17604
17609
17655
17684
17744
17747
17768
17774
17779
17780
17784
17787
17788
17790
17823
17842
17875
17876
17882
17883
17884
17885
17959
17960
18013
18014
18018
18019
18025
18026
18048
18049
18055
18056
18096
18097
18100
18106
18151
18152
18166
18170
18182
18183
18241
18242
18268
18276
18277
18280
18293
18295
18302
18303
18309
18310
18312
18313
18319
18320
18328
18329
18356
18357
18372
18383
18384
18385
18390
18413
18414
18417
18418
18419
18420
18454
18458
18460
18461
18467
18468
18479
18480
18487
18493
18494
18495
18496
18515
18516
18530
18531
18585
18587
18589
18590
18608
18609
18620
18621
18628
18629
18662
18663
18664
18670
18671
18677
18678
18682
18683
18709
18710
18721
18722
18726
18732
18733
18734
18735
18771
18846
18847
18870
18872
18892
18893
18894
18908
18909
18935
18936
18938
18939
18951
18952
18974
18975
18990
18991
19000
19001
19009
19010
19015
19016
19018
19019
19022
19023
19041
19053
19054
19056
19057
19062
19063
19066
19067
19077
19078
19085
19095
19096
19107
19108
19112
19115
19116
19125
19126
19132
19133
19134
19140
19141
19177
19178
19186
19187
19192
19193
19220
19221
19224
19225
19227
19228
19233
19239
19240
19241
19242
19243
19248
19249
19252
19253
19255
19257
19258
19259
19267
19268
19323
19324
19329
19330
19337
19338
19354
19355
19405
19406
19409
19410
19411
19412
19415
19416
19418
19419
19422
19423
19438
19439
19443
19444
19449
19450
19454
19455
19457
19458
19463
19464
19468
19469
19470
19471
19473
19474
19477
19478
19489
19490
19501
19502
19505
19532
19539
19546
19547
19549
19559
19560
19561
19562
19568
19583
19584
19585
19586
19589
19590
19591
19592
19596
19610
19611
19612
19613
19621
19622
19624
19625
19627
19628
19637
19638
19639
19640
19650
19653
19654
19678
19679
19694
19695
19703
19704
19705
19707
19708
19711
19712
19721
19722
19724
19725
19726
19727
19741
19743
19759
19760
19761
19768
19769
19770
19783
19784
19789
19790
19792
19793
19832
19833
19843
19844
19850
19851
19872
19873
19880
19881
19894
19895
19898
19899
19908
19909
19919
19920
19931
19932
19956
19957
19958
19959
19961
19962
20070
20071
20076
20078
20087
20088
20091
20092
20097
20098
20100
20101
20137
20138
20139
20140
20141
20142
20143
20144
20148
20149
20155
20164
20177
20178
20196
20197
20210
20211
20243
20244
20252
20253
20289
20291
20301
20302
20344
20345
20347
20348
20353
20354
20360
20361
20381
20382
20390
20391
20392
20433
20434
20439
20440
20441
20442
20443
20444
20445
20446
20462
20463
20504
20505
20511
20512
20563
20564
20565
20569
20570
20573
20574
20585
20637
20638
20639
20642
20643
20654
20655
20657
20662
20663
20671
20672
20674
20675
20690
20714
20731
20732
20751
20758
20767
20769
20770
20775
20776
20777
20778
20787
20814
20815
20824
20849
20850
20851
20852
20879
20880
20881
20920
20921
20935
20936
20955
20956
20965
20986
20987
20991
21002
21003
21016
21017
21019
21025
21026
21032
21036
21038
21061
21062
21069
21070
21105
21106
21107
21108
21160
21161
21167
21168
21182
21183
21192
21193
21261
21282
21283
21284
21299
21300
21302
21303
21375
21376
21382
21383
21404
21406
21518
21519
21522
21523
21528
21529
21545
21546
21573
21574
21575
21576
21581
21582
21583
21584
21593
21601
21606
21607
21612
21613
21615
21616
21687
21688
21691
21692
21711
21716
21726
21727
21730
21731
21733
21734
21737
21738
21769
21770
21783
21784
21820
21821
21824
21825
21888
21889
21900
21901
21902
21903
21904
21944
21945
21989
21990
21992
21994
22008
22009
22023
22024
22061
22062
22063
22064
22091
22092
22093
22094
22126
22127
22136
22144
22165
22166
22204
22205
22207
22208
22213
22214
22227
22228
22232
22233
22239
22240
22246
22247
22305
22306
22307
22316
22317
22329
22330
22331
22353
22354
22371
22372
22373
22374
22382
22383
22404
22405
22423
22428
22429
22430
22431
22432
22433
22434
22460
22461
22469
22470
22472
22473
22477
22478
22529
22530
22616
22617
22618
22619
22650
22651
22653
22654
22660
22661
22693
22694
22701
22703
22711
22777
22778
22805
22806
22815
22816
22829
22830
22841
22927
22928
22930
22936
22937
22939
22940
22941
22946
22947
23002
23003
23016
23033
23036
23037
23038
23044
23045
23048
23049
23073
23075
23078
23079
23135
23136
23139
23140
23148
23149
23155
23156
23167
23168
23176
23178
23179
23185
23186
23193
23222
23230
23234
23236
23238
23247
23248
23252
23254
23255
23256
23257
23278
23279
23280
23281
23282
23293
23294
23296
23297
23309
23310
23342
23343
23352
23353
23355
23356
23379
23380
23463
23464
23547
23548
23559
23570
23576
23577
23578
23579
23582
23583
23594
23595
23619
23620
23647
23648
23649
23652
23653
23671
23672
23673
23674
23688
23689
23724
23725
23728
23743
23759
23778
23779
23784
23785
23789
23790
23819
23862
23898
23899
23901
23902
23905
23909
23910
23911
23916
23921
23922
23924
23925
23927
23928
23930
23931
23934
23935
23943
23945
23948
23949
23950
23951
23954
23955
23956
23957
23962
23963
23966
23967
23970
23971
23981
23982
23993
24004
24005
24021
24022
24030
24031
24062
24071
24072
24076
24077
24079
24080
24084
24085
24095
24096
24100
24101
24118
24119
24138
24139
24141
24142
24154
24155
24168
24169
24197
24198
24228
24229
24230
24231
24234
24235
24243
24264
24282
24283
24290
24291
24294
24295
24306
24307
24315
24324
24354
24355
24358
24359
24378
24379
24382
24383
24408
24409
24432
24433
24449
24450
24517
24519
24520
24521
24549
24550
24563
24564
24596
24597
24599
24600
24601
24608
24609
24612
24613
24615
24616
24627
24628
24629
24632
24633
24639
24640
24641
24642
24643
24651
24652
24656
24657
24658
24662
24663
24665
24666
24667
24668
24669
24675
24676
24677
24678
24680
24681
24687
24688
24691
24692
24695
24697
24698
24702
24703
24704
24705
24706
24709
24710
24712
24713
24716
24719
24720
24721
24722
24723
24724
24728
24742
24743
24747
24750
24758
24759
24786
24787
24847
24857
24858
24859
24881
24882
24916
24917
24918
24919
24921
24923
24927
24928
24936
24937
24947
24948
24951
24952
24955
24956
24957
24958
24971
24972
24987
24988
24996
24997
25006
25007
25042
25043
25112
25113
25153
25154
25163
25164
25165
25166
25170
25194
25195
25196
25197
25231
25232
25233
25234
25241
25246
25247
25327
25328
25352
25353
25362
25363
25372
25373
25408
25409
25415
25416
25424
25425
25426
25428
25432
25433
25444
25445
25449
25450
25454
25455
25460
25461
25462
25463
25473
25474
25488
25489
25497
25498
25504
25505
25513
25523
25524
25526
25527
25534
25535
25547
25548
25559
25560
25568
25571
25577
25588
25589
25591
25592
25593
25609
25621
25622
25674
25675
25677
25678
25723
25724
25741
25742
25760
25761
25770
25771
25776
25777
25781
25783
25784
25836
25840
25841
25852
25853
25855
25856
25967
25968
26024
26025
26116
26117
26135
26136
26175
26176
26177
26199
26200
26203
26243
26244
26270
26272
26273
26306
26307
26312
26329
26330
26339
26340
26341
26343
26344
26347
26348
26353
26354
26356
26357
26359
26360
26380
26381
26402
26403
26410
26411
26412
26413
26414
26415
26429
26433
26434
26435
26466
26467
26540
26541
26569
26570
26572
26573
26574
26575
26576
26577
26579
26580
26581
26582
26584
26585
26589
26590
26591
26592
26594
26609
26610
26612
26613
26617
26618
26619
26637
26639
26640
26643
26644
26649
26650
26657
26658
26668
26669
26689
26690
26737
26738
26751
26752
26776
26777
26780
26781
26793
26799
26813
26820
26821
26836
26837
26840
26841
26854
26855
26871
26882
26883
26891
26896
26897
26898
26915
26919
26945
26946
26965
26984
26997
27008
27009
27013
27014
27036
27037
27046
27047
27049
27072
27077
27078
27091
27092
27093
27094
27106
27115
27116
27123
27124
27129
27130
27162
27175
27176
27183
27184
27185
27186
27201
27202
27204
27205
27207
27208
27216
27230
27232
27256
27257
27290
27291
27299
27300
27302
27303
27325
27326
27343
27344
27350
27351
27377
27378
27406
27407
27409
27410
27412
27413
27455
27456
27458
27459
27462
27464
27466
27467
27473
27474
27490
27491
27501
27502
27559
27560
27564
27565
27570
27571
27581
27582
27596
27597
27598
27600
27606
27607
27610
27611
27722
27723
27730
27731
27735
27736
27752
27766
27767
27773
27774
27775
27776
27778
27779
27784
27785
27804
27820
27821
27822
27823
27829
27830
27842
27844
27850
27851
27859
27870
27889
27892
27894
27899
27900
27901
27915
27916
27936
27939
27968
27969
27971
27972
27983
27984
27995
27996
28012
28013
28014
28020
28021
28041
28042
28072
28098
28109
28110
28115
28116
28145
28146
28193
28194
28208
28209
28211
28212
28217
28219
28252
28257
28269
28270
28271
28272
28276
28277
28281
28282
28285
28286
28288
28289
28300
28301
28303
28304
28309
28310
28314
28315
28328
28329
28336
28350
28351
28357
28358
28359
28370
28371
28374
28375
28387
28388
28389
28390
28431
28432
28433
28434
28440
28441
28445
28446
28450
28451
28467
28485
28486
28488
28506
28507
28509
28510
28539
28540
28541
28542
28543
28544
28545
28546
28547
28548
28550
28551
28552
28553
28554
28555
28556
28557
28558
28559
28560
28561
28565
28566
28567
28568
28569
28570
28572
28573
28575
28576
28577
28578
28579
28580
28582
28583
28584
28586
28588
28589
28592
28593
28594
28595
28597
28598
28601
28602
28606
28607
28609
28610
28611
28612
28613
28614
28615
28616
28617
28618
28619
28620
28621
28622
28623
28624
28625
28626
28627
28628
28629
28630
28631
28632
28654
28655
28661
28662
28665
28666
28668
28669
28718
28719
28752
28753
28763
28764
28778
28791
28799
28800
28844
28845
28847
28848
28849
28850
28853
28854
28856
28859
28860
28872
28873
28877
28878
28879
28880
28881
28882
28883
28886
28887
28901
28907
28908
28916
28917
28947
28948
28949
28950
28968
28969
29013
29014
29066
29067
29100
29101
29154
29155
29168
29169
29231
29232
29256
29257
29261
29264
29265
29281
29282
29284
29308
29309
29310
29311
29312
29313
29317
29318
29385
29386
29413
29414
29431
29433
29441
29442
29449
29450
29485
29486
29496
29497
29558
29560
29615
29616
29679
29680
29684
29685
29689
29690
29694
29695
29712
29728
29731
29732
29733
29734
29740
29741
29767
29776
29779
29782
29784
29785
29792
29793
29794
29795
29820
29821
29826
29827
29833
29834
29887
29888
29903
29904
29923
29924
29946
29947
29948
29949
29950
29951
29958
29973
30011
30025
30026
30044
30045
30050
30075
30076
30092
30093
30110
30111
30113
30114
30121
30122
30157
30158
30181
30182
30207
30208
30211
30214
30215
30227
30245
30246
30251
30252
30258
30259
30266
30267
30277
30278
30290
30291
30292
30293
30303
30304
30306
30307
30408
30409
30433
30434
30468
30469
30480
30481
30487
30488
30530
30531
30544
30545
30594
30595
30602
30603
30606
30607
30621
30622
30623
30624
30645
30646
30648
30649
30705
30706
30710
30711
30714
30716
30864
30865
30874
30875
30885
30886
30965
30966
30986
30997
31006
31007
31018
31019
31065
31066
31070
31071
31079
31080
31111
31112
31131
31132
31133
31134
31162
31170
31185
31186
31198
31201
31202
31207
31262
31263
31272
31273
31294
31295
31311
31312
31374
31375
31399
31401
31439
31440
31449
31451
31452
31453
31471
31476
31477
31498
31499
31500
31503
31509
31514
31515
31518
31519
31531
31532
31565
31566
31571
31572
31577
31598
31599
31608
31617
31629
31630
31647
31648
31649
31650
31681
31687
31688
31750
31753
31756
31757
31764
31765
31832
31833
31837
31838
31840
31841
31844
31845
31863
31864
31874
31875
31876
31877
31888
31889
31892
31893
31908
31909
31930
31931
31946
31947
31948
31964
31965
32036
32037
32057
32058
32060
32061
32098
32101
32102
32103
32117
32118
32154
32166
32175
32176
32183
32184
32185
32224
32225
32230
32241
32242
32249
32250
32277
32290
32291
32300
32301
32318
32322
32337
32338
32354
32355
32356
32357
32364
32367
32380
32387
32416
32418
32461
32462
32509
32510
32521
32522
32523
32534
32538
32543
32548
32557
32589
32608
32609
32610
32611
32624
32625
32646
32701
32702
32704
32705
32706
32707
32708
32709
32711
32712
32726
32727
32743
32748
32749
32751
32754
32755
32766
32767
32785
32786
32792
32793
32807
32808
32819
32820
32840
32841
32847
32848
32855
32856
32859
32860
32861
32863
32867
32868
32883
32884
32901
32902
32942
32943
32979
32982
32983
32984
32985
32986
32987
32989
32990
32996
32999
33000
33003
33004
33005
33006
33031
33032
33041
33042
33063
33065
33066
33069
33070
33071
33073
33074
33138
33139
33144
33153
33154
33164
33191
33192
33193
33194
33214
33215
33218
33219
33231
33233
33234
33237
33238
33245
33247
33263
33271
33276
33277
33279
33281
33282
33290
33299
33303
33308
33315
33316
33317
33318
33330
33331
33338
33339
33343
33344
33351
33352
33370
33371
33380
33381
33387
33388
33389
33390
33391
33392
33399
33400
33446
33447
33461
33462
33475
33476
33479
33480
33482
33483
33489
33490
33501
33502
33508
33509
33512
33513
33515
33521
33522
33529
33530
33543
33544
33548
33563
33564
33566
33567
33571
33572
33596
33597
33628
33629
33643
33644
33652
33653
33669
33670
33672
33673
33674
33675
33676
33677
33709
33710
33716
33717
33722
33723
33725
33726
33735
33736
33737
33738
33772
33773
33812
33813
33840
33841
33842
33843
33862
33863
33866
33867
33896
33920
33932
33933
33937
33938
33948
33949
33956
33957
33958
33959
34016
34017
34018
34019
34026
34027
34036
34037
34040
34041
34048
34049
34068
34069
34071
34072
34080
34083
34084
34085
34129
34130
34137
34138
34168
34169
34177
34178
34189
34190
34195
34196
34231
34232
34255
34256
34258
34260
34261
34272
34273
34285
34290
34291
34298
34299
34300
34301
34302
34303
34308
34309
34314
34315
34355
34356
34357
34358
34361
34362
34363
34364
34370
34371
34372
34373
34374
34375
34376
34377
34383
34384
34392
34393
34395
34396
34397
34398
34402
34403
34404
34405
34406
34407
34413
34414
34432
34433
34448
34449
34451
34452
34468
34470
34492
34497
34498
34501
34502
34504
34505
34510
34511
34512
34515
34516
34525
34526
34540
34541
34543
34545
34546
34547
34548
34551
34579
34580
34581
34593
34599
34603
34604
34626
34676
34677
34688
34693
34696
34697
34706
34707
34708
34709
34711
34712
34713
34714
34759
34760
34778
34779
34827
34828
34834
34835
34837
34838
34867
34868
34905
34906
34914
34915
34917
34918
34976
34977
34992
34993
34999
35000
35019
35020
35032
35033
35042
35043
35046
35047
35048
35049
35076
35077
35081
35082
35105
35106
35118
35119
35121
35122
35127
35128
35129
35130
35131
35132
35138
35139
35163
35164
35180
35181
35182
35183
35186
35187
35188
35189
35215
35216
35219
35220
35225
35226
35228
35229
35238
35239
35240
35244
35245
35253
35258
35267
35268
35277
35278
35300
35301
35302
35318
35319
35323
35324
35331
35332
35335
35336
35339
35340
35357
35358
35361
35362
35368
35369
35390
35396
35397
35421
35422
35438
35439
35444
35445
35452
35459
35460
35493
35494
35529
35531
35534
35535
35564
35565
35597
35598
35601
35624
35633
35634
35647
35648
35660
35661
35662
35663
35685
35686
35687
35688
35732
35733
35734
35741
35751
35752
35829
35830
35835
35842
35869
35870
35883
35884
35890
35891
35923
35924
35936
35937
35942
35943
35958
35959
35960
35961
35973
35974
35975
35976
36009
36010
36022
36023
36060
36061
36080
36081
36132
36133
36141
36142
36145
36166
36182
36183
36216
36217
36218
36219
36223
36224
36227
36228
36231
36232
36234
36235
36240
36241
36255
36256
36274
36275
36286
36287
36292
36293
36326
36327
36328
36329
36330
36373
36374
36472
36505
36506
36509
36510
36511
36512
36513
36514
36515
36521
36522
36528
36529
36532
36533
36549
36550
36551
36552
36553
36554
36556
36568
36583
36584
36609
36610
36614
36615
36637
36638
36655
36664
36665
36667
36668
36674
36675
36682
36683
36693
36708
36709
36714
36715
36717
36718
36729
36730
36731
36732
36741
36742
36743
36744
36754
36755
36756
36757
36773
36774
36874
36875
36896
36897
36911
36912
36913
36914
36921
36922
36926
36927
36933
36934
36935
36936
37011
37012
37044
37045
37079
37080
37099
37100
37123
37124
37136
37137
37157
37158
37160
37161
37162
37170
37179
37180
37218
37219
37281
37282
37293
37294
37414
37422
37483
37484
37507
37508
37522
37523
37550
37553
37554
37557
37559
37565
37566
37567
37568
37569
37575
37576
37588
37594
37595
37602
37603
37604
37623
37624
37636
37637
37645
37646
37649
37650
37670
37671
37680
37681
37724
37725
37730
37731
37751
37752
37777
37778
37781
37847
37848
37860
37903
37904
37926
37927
37965
37966
37975
37976
38031
38032
38044
38045
38050
38051
38052
38053
38072
38073
38103
38104
38123
38124
38125
38128
38129
38131
38132
38141
38142
38174
38175
38202
38218
38219
38220
38222
38223
38251
38260
38306
38307
38308
38309
38340
38341
38369
38370
38435
38436
38489
38490
38509
38510
38511
38512
38515
38516
38520
38521
38526
38527
38565
38566
38606
38607
38608
38609
38620
38621
38661
38662
38664
38665
38675
38682
38685
38725
38726
38733
38740
38741
38748
38749
38766
38767
38797
38798
38804
38811
38812
38813
38814
38815
38816
38817
38818
38822
38823
38824
38827
38828
38837
38838
38839
38840
38850
38851
38921
38922
38933
38934
38938
38939
38944
38945
38948
38956
38957
38987
38991
38994
39014
39015
39045
39046
39067
39068
39127
39183
39184
39185
39191
39192
39209
39210
39233
39234
39248
39249
39274
39275
39298
39301
39372
39373
39380
39381
39394
39395
39418
39419
39434
39435
39473
39474
39504
39505
39517
39518
39525
39526
39600
39601
39606
39607
39626
39627
39663
39664
39666
39667
39704
39705
39720
39723
39724
39727
39728
39745
39751
39752
39754
39755
39761
39763
39773
39774
39776
39777
39779
39780
39786
39787
39789
39790
39796
39797
39798
39799
39804
39805
39807
39808
39811
39812
39814
39815
39831
39832
39851
39852
39856
39857
39879
39892
39893
39894
39895
39919
39920
39922
39923
39933
39934
39935
39938
39939
39960
39961
39981
39984
39988
39989
39997
39998
39999
40003
40004
40007
40020
40036
40037
40055
40056
40081
40085
40086
40092
40093
40101
40116
40117
40126
40127
40136
40138
40139
40143
40145
40146
40159
40161
40162
40166
40178
40179
40191
40192
40208
40209
40223
40224
40230
40231
40247
40248
40271
40272
40311
40312
40323
40324
40345
40346
40381
40382
40417
40418
40426
40427
40442
40443
40453
40454
40474
40475
40478
40479
40482
40483
40484
40485
40526
40527
40543
40544
40545
40549
40550
40553
40563
40568
40577
40580
40581
40582
40586
40596
40598
40600
40616
40617
40618
40619
40621
40622
40623
40624
40643
40644
40657
40658
40668
40669
40672
40673
40677
40678
40685
40694
40695
40703
40704
40759
40760
40765
40766
40773
40774
40825
40826
40832
40833
40837
40841
40878
40879
40913
40934
40990
40991
41011
41012
41029
41030
41043
41044
41052
41053
41073
41074
41075
41076
41090
41091
41141
41177
41193
41198
41206
41218
41219
41226
41243
41244
41245
41246
41272
41273
41280
41281
41282
41283
41291
41292
41338
41339
41357
41358
41396
41397
41412
41413
41452
41453
41504
41505
41536
41537
41590
41591
41602
41603
41669
41670
41699
41700
41727
41728
41731
41732
41754
41755
41758
41759
41769
41770
41830
41831
41853
41854
41865
41866
41898
41899
41904
41905
41906
41907
41908
41909
41910
41919
41944
41945
41957
41958
41960
41961
42008
42009
42015
42016
42061
42066
42086
42087
42120
42121
42131
42132
42135
42142
42143
42164
42165
42193
42194
42196
42197
42218
42219
42224
42250
42251
42269
42271
42291
42292
42390
42391
42401
42402
42434
42435
42455
42457
42460
42461
42503
42504
42529
42532
42553
42561
42592
42593
42594
42598
42599
42600
42601
42607
42608
42609
42610
42614
42615
42644
42645
42656
42657
42712
42713
42735
42736
42770
42771
42790
42791
42814
42817
42824
42825
42845
42857
42858
42859
42860
42870
42872
42873
42874
42877
42878
42880
42881
42890
42893
42894
42895
42896
42918
42919
43066
43067
43071
43072
43080
43081
43093
43094
43105
43106
43117
43118
43139
43140
43159
43160
43163
43164
43165
43173
43174
43189
43190
43200
43201
43214
43215
43216
43217
43220
43221
43222
43223
43254
43256
43257
43268
43271
43272
43273
43277
43303
43315
43316
43318
43361
43362
43363
43364
43387
43388
43408
43409
43425
43426
43467
43468
43479
43480
43484
43485
43498
43499
43506
43507
43508
43509
43540
43541
43565
43587
43600
43601
43606
43610
43613
43615
43616
43628
43630
43631
43635
43636
43639
43640
43656
43657
43691
43692
43699
43700
43728
43729
43730
43733
43761
43762
43828
43829
43831
43832
43833
43834
43895
43901
43907
43908
43909
43910
43912
43913
43914
43927
43928
43929
43935
43937
43946
43947
43948
43949
43961
43962
43974
43975
43976
43977
43980
43981
44017
44018
44019
44020
44030
44031
44040
44041
44061
44062
44065
44066
44087
44093
44099
44100
44117
44118
44176
44177
44178
44179
44187
44188
44189
44190
44191
44243
44244
44248
44249
44250
44255
44256
44263
44264
44269
44270
44278
44279
44315
44316
44335
44336
44351
44352
44357
44358
44389
44390
44397
44398
44421
44422
44429
44430
44434
44449
44453
44454
44473
44474
44500
44501
44502
44503
44508
44509
44526
44546
44550
44551
44554
44561
44562
44570
44571
44574
44575
44576
44584
44585
44592
44593
44599
44604
44605
44617
44618
44629
44632
44647
44648
44651
44678
44679
44680
44681
44699
44700
44701
44709
44711
44713
44714
44715
44717
44729
44794
44795
44851
44852
44859
44860
44870
44875
44884
44885
44948
44949
44982
44983
45084
45085
45129
45130
45180
45181
45187
45189
45191
45192
45212
45213
45237
45238
45242
45243
45248
45249
45274
45316
45317
45318
45333
45346
45348
45349
45355
45356
45410
45426
45442
45443
45444
45445
45466
45474
45475
45476
45484
45485
45512
45513
45538
45539
45543
45544
45567
45568
45611
45615
45625
45626
45627
45628
45666
45667
45681
45682
45754
45755
45766
45767
45774
45781
45782
45792
45793
45803
45833
45834
45861
45862
45870
45871
45921
45931
45941
45942
45953
45954
45980
45981
46012
46013
46058
46059
46089
46090
46106
46107
46113
46114
46123
46124
46151
46152
46157
46158
46163
46164
46166
46167
46170
46173
46174
46177
46205
46206
46260
46261
46287
46288
46365
46367
46370
46371
46410
46411
46438
46440
46481
46482
46523
46524
46527
46528
46602
46603
46646
46647
46658
46659
46660
46661
46672
46673
46675
46676
46699
46700
46710
46723
46724
46725
46750
46751
46757
46758
46760
46761
46776
46777
46778
46784
46785
46809
46812
46818
46821
46838
46839
46845
46846
46848
46849
46853
46854
46867
46868
46879
46880
46884
46885
46886
46887
46888
46909
46979
46980
47013
47014
47033
47034
47049
47050
47054
47055
47059
47060
47061
47062
47087
47088
47096
47097
47152
47159
47166
47167
47171
47172
47174
47175
47186
47187
47188
47189
47202
47203
47206
47210
47211
47220
47222
47247
47248
47249
47251
47252
47266
47267
47310
47311
47319
47320
47331
47332
47369
47370
47376
47377
47378
47379
47380
47381
47396
47397
47411
47412
47420
47422
47434
47435
47448
47449
47451
47452
47462
47463
47469
47470
47473
47474
47475
47476
47492
47493
47494
47495
47497
47498
47501
47502
47504
47505
47510
47511
47512
47514
47515
47519
47567
47568
47569
47571
47576
47586
47603
47604
47611
47616
47617
47619
47621
47622
47638
47639
47679
47681
47682
47691
47733
47734
47763
47764
47775
47776
47778
47779
47782
47783
47791
47792
47823
47824
47827
47829
47830
47831
47840
47841
47847
47848
47883
47884
47885
47886
47920
47921
47940
47941
47944
47945
47972
47973
47985
47986
48059
48081
48085
48086
48087
48088
48118
48119
48120
48121
48128
48129
48136
48137
48142
48143
48144
48145
48149
48150
48160
48161
48172
48173
48176
48177
48201
48202
48205
48206
48259
48260
48380
48381
48401
48402
48404
48405
48432
48437
48496
48497
48523
48524
48532
48533
48536
48537
48543
48544
48545
48546
48563
48564
48572
48573
48596
48597
48642
48646
48690
48701
48723
48724
48768
48769
48789
48790
48803
48821
48822
48833
48857
48861
48862
48878
48879
48898
48912
48913
48946
48947
48955
48956
48972
48974
48992
48994
49028
49029
49030
49031
49090
49091
49099
49100
49106
49107
49163
49164
49166
49170
49176
49177
49183
49184
49222
49223
49227
49228
49229
49230
49244
49245
49268
49273
49278
49279
49305
49306
49323
49324
49348
49349
49357
49358
49362
49363
49366
49367
49371
49372
49390
49391
49392
49393
49401
49402
49440
49452
49459
49460
49461
49463
49465
49482
49483
49484
49486
49487
49490
49491
49492
49500
49503
49504
49526
49527
49538
49539
49562
49563
49570
49571
49576
49577
49585
49586
49602
49628
49644
49648
49649
49669
49670
49690
49697
49703
49704
49719
49720
49723
49724
49725
49730
49731
49742
49743
49751
49752
49753
49754
49755
49756
49778
49779
49782
49783
49786
49787
49800
49801
49816
49817
49818
49819
49820
49821
49838
49839
49840
49841
49866
49867
49871
49872
49903
49904
49927
49928
49940
49942
49943
49945
49948
49949
49959
49960
49963
49964
49988
49989
49996
49997
50000
50001
50049
50050
50051
50052
50055
50056
50058
50059
50063
50064
50138
50139
50161
50162
50193
50194
50196
50197
50233
50234
50237
50238
50239
50243
50247
50248
50250
50251
50254
50258
50262
50263
50275
50276
50281
50282
50287
50288
50308
50309
50318
50319
50321
50322
50327
50328
50355
50356
50358
50359
50370
50371
50380
50381
50412
50413
50424
50425
50427
50428
50429
50430
50478
50479
50480
50486
50487
50490
50491
50500
50507
50508
50511
50512
50521
50522
50528
50531
50532
50534
50547
50548
50551
50552
50570
50571
50619
50620
50636
50637
50657
50658
50662
50663
50667
50668
50703
50704
50715
50716
50718
50724
50755
50815
50816
50822
50843
50844
50849
50850
50863
50864
50909
50910
50925
50926
50931
50932
50933
50934
50937
50938
50963
50972
50973
50976
50977
50978
50979
50980
50982
50983
50985
50987
50988
51000
51001
51007
51008
51012
51014
51063
51064
51083
51084
51085
51086
51087
51088
51092
51093
51096
51097
51110
51123
51124
51138
51175
51176
51194
51195
51196
51197
51204
51205
51215
51223
51224
51236
51237
51305
51308
51309
51322
51323
51324
51325
51331
51332
51361
51362
51364
51365
51371
51372
51374
51375
51376
51403
51404
51429
51430
51434
51435
51452
51453
51469
51470
51479
51480
51481
51483
51484
51503
51504
51530
51531
51546
51547
51556
51557
51560
51561
51562
51563
51564
51569
51570
51580
51581
51612
51613
51614
51615
51616
51617
51629
51630
51637
51638
51641
51642
51644
51645
51654
51657
51662
51663
51667
51668
51675
51676
51680
51681
51711
51715
51716
51723
51724
51727
51747
51748
51755
51756
51783
51784
51785
51786
51862
51863
51903
51906
51935
51964
51969
51970
51992
51993
51996
51999
52005
52006
52025
52026
52050
52051
52066
52067
52095
52096
52108
52109
52110
52111
52112
52113
52117
52118
52138
52139
52146
52147
52187
52228
52229
52242
52247
52248
52254
52255
52310
52311
52319
52320
52323
52324
52352
52353
52369
52371
52373
52374
52416
52417
52422
52423
52429
52430
52434
52435
52438
52439
52440
52460
52461
52462
52463
52464
52465
52476
52477
52483
52484
52494
52495
52506
52507
52516
52517
52526
52527
52528
52529
52556
52557
52602
52603
52662
52663
52672
52673
52707
52708
52736
52737
52745
52746
52758
52759
52762
52763
52765
52766
52772
52773
52786
52787
52861
52862
52863
52864
52875
52876
52881
52882
52886
52904
52905
52906
52907
52912
52913
52914
52915
52916
52942
52961
52962
52986
52993
53005
53006
53010
53011
53042
53043
53044
53050
53051
53064
53065
53072
53073
53089
53090
53102
53103
53140
53141
53146
53147
53160
53161
53164
53165
53182
53183
53184
53185
53196
53197
53198
53199
53208
53209
53210
53221
53222
53229
53230
53234
53235
53279
53280
53285
53286
53287
53288
53292
53293
53294
53295
53296
53297
53302
53303
53314
53315
53326
53327
53335
53336
53340
53341
53353
53354
53359
53360
53393
53394
53398
53400
53408
53409
53506
53507
53511
53512
53520
53521
53580
53583
53596
53597
53598
53615
53616
53625
53626
53629
53636
53659
53660
53667
53676
53677
53681
53682
53684
53685
53707
53708
53738
53739
53755
53756
53790
53791
53802
53803
53808
53809
53818
53819
53855
53856
53863
53864
53866
53867
53870
53871
53873
53874
53883
53884
53889
53890
53911
53912
53922
53923
53945
53946
53949
53952
53953
53954
53955
53956
53974
53975
53983
53984
54006
54011
54012
54014
54015
54022
54028
54039
54041
54091
54093
54097
54098
54116
54133
54152
54153
54164
54165
54227
54228
54242
54243
54254
54255
54262
54263
54264
54266
54277
54278
54290
54292
54309
54310
54321
54322
54324
54326
54329
54330
54337
54342
54344
54345
54370
54371
54383
54384
54404
54407
54447
54448
54456
54457
54489
54490
54521
54522
54579
54580
54582
54584
54585
54586
54592
54593
54623
54629
54630
54631
54635
54636
54642
54644
54671
54672
54673
54674
54683
54685
54695
54696
54699
54700
54760
54761
54790
54791
54797
54798
54807
54808
54837
54838
54839
54841
54842
54864
54889
54890
54912
54913
54914
54915
54917
54918
54919
54920
54934
54935
54945
54946
54948
54949
54951
54952
54960
54961
54970
54971
54977
54978
54979
54980
54988
54991
54992
54993
54995
54996
54998
55022
55023
55050
55051
55060
55061
55081
55082
55084
55085
55086
55120
55121
55122
55123
55124
55125
55139
55140
55145
55146
55150
55151
55152
55153
55155
55156
55158
55159
55160
55161
55165
55166
55167
55169
55170
55174
55175
55176
55177
55180
55181
55185
55186
55189
55190
55191
55192
55195
55196
55198
55199
55202
55203
55209
55210
55212
55213
55229
55242
55244
55247
55261
55262
55263
55294
55295
55305
55306
55316
55317
55323
55324
55365
55369
55370
55380
55389
55390
55411
55412
55418
55419
55424
55425
55470
55471
55472
55476
55486
55502
55503
55512
55537
55538
55551
55552
55566
55567
55574
55575
55581
55582
55583
55584
55586
55587
55590
55591
55592
55593
55599
55600
55601
55615
55616
55628
55639
55640
55667
55668
55670
55671
55679
55680
55684
55690
55701
55702
55732
55733
55761
55762
55783
55784
55785
55786
55805
55806
55834
55835
55869
55870
55884
55893
55900
55901
55905
55906
55925
55926
55962
55963
56016
56017
56046
56047
56060
56061
56096
56097
56113
56114
56122
56123
56142
56143
56144
56145
56148
56154
56155
56158
56169
56170
56171
56176
56177
56188
56189
56215
56216
56239
56240
56248
56249
56251
56252
56253
56254
56255
56256
56264
56265
56283
56284
56286
56287
56293
56294
56306
56307
56309
56310
56321
56322
56348
56359
56391
56402
56419
56421
56422
56423
56424
56425
56430
56431
56432
56443
56444
56468
56469
56485
56486
56491
56492
56501
56502
56504
56505
56525
56526
56554
56556
56565
56566
56568
56569
56575
56608
56622
56623
56636
56637
56640
56641
56642
56643
56645
56646
56669
56670
56678
56679
56683
56684
56685
56687
56692
56693
56694
56695
56696
56697
56702
56703
56722
56723
56732
56733
56749
56750
56751
56752
56761
56762
56764
56765
56766
56767
56768
56776
56777
56789
56790
56823
56824
56825
56826
56834
56836
56837
56839
56865
56866
56869
56871
56875
56876
56906
56907
56909
56911
56918
56919
56921
56922
56940
56943
56944
56945
56975
56976
56978
56979
57019
57020
57046
57047
57059
57064
57065
57066
57067
57071
57078
57080
57081
57087
57090
57091
57103
57104
57127
57128
57129
57130
57133
57134
57136
57137
57140
57141
57144
57145
57148
57149
57151
57152
57159
57160
57163
57164
57180
57181
57192
57195
57201
57202
57211
57212
57213
57214
57216
57217
57220
57224
57225
57244
57245
57280
57281
57290
57291
57335
57336
57337
57338
57342
57343
57345
57346
57347
57348
57354
57356
57357
57362
57364
57365
57368
57369
57379
57382
57383
57384
57386
57387
57399
57400
57401
57409
57410
57424
57425
57446
57447
57448
57451
57452
57453
57454
57455
57456
57466
57467
57474
57475
57476
57477
57488
57489
57490
57491
57492
57493
57503
57504
57520
57521
57566
57567
57572
57573
57586
57587
57604
57605
57646
57647
57650
57651
57655
57656
57672
57673
57674
57700
57701
57708
57712
57713
57716
57717
57719
57727
57733
57735
57737
57738
57740
57747
57773
57782
57783
57787
57788
57796
57797
57816
57817
57824
57825
57856
57857
57859
57860
57880
57881
57882
57895
57896
57897
57898
57899
57902
57903
57910
57911
57916
57917
57929
57930
57934
57935
57944
57945
57948
57949
57971
57972
57973
57974
57980
57981
57985
57986
57987
57989
57990
57993
57994
57995
58027
58028
58054
58055
58059
58060
58074
58075
58084
58085
58088
58089
58099
58100
58106
58107
58122
58123
58124
58125
58152
58153
58164
58165
58170
58171
58191
58192
58194
58195
58196
58198
58199
58201
58202
58203
58204
58207
58208
58210
58211
58212
58213
58215
58216
58227
58228
58229
58230
58232
58233
58246
58247
58260
58261
58264
58286
58287
58296
58298
58299
58300
58305
58307
58308
58335
58336
58365
58366
58378
58379
58405
58406
58407
58408
58420
58421
58424
58425
58450
58451
58469
58473
58483
58484
58533
58534
58535
58536
58549
58550
58597
58598
58603
58604
58612
58613
58630
58631
58640
58641
58666
58667
58674
58675
58690
58691
58701
58702
58705
58706
58716
58717
58718
58719
58740
58741
58742
58743
58802
58803
58809
58810
58832
58833
58845
58846
58858
58859
58861
58862
58864
58865
58868
58869
58874
58875
58878
58879
58893
58894
58895
58896
58901
58902
58913
58914
58933
58934
58937
58938
58944
58945
58948
58949
58959
58960
58967
58968
58985
58986
59015
59016
59017
59018
59021
59022
59025
59026
59027
59028
59030
59034
59035
59043
59055
59056
59062
59063
59068
59069
59071
59097
59098
59099
59128
59129
59157
59158
59197
59198
59201
59202
59219
59220
59221
59222
59234
59235
59240
59241
59244
59245
59246
59259
59279
59280
59287
59288
59294
59295
59302
59303
59309
59310
59344
59345
59346
59347
59351
59353
59355
59356
59357
59358
59360
59361
59365
59366
59371
59372
59393
59394
59402
59403
59410
59411
59414
59415
59497
59499
59500
59508
59528
59529
59530
59531
59548
59549
59584
59585
59616
59617
59626
59627
59635
59636
59646
59647
59664
59665
59675
59691
59699
59700
59703
59704
59726
59727
59731
59732
59766
59767
59775
59776
59777
59786
59787
59789
59790
59794
59795
59809
59810
59837
59838
59839
59840
59848
59849
59852
59861
59862
59864
59865
59866
59867
59869
59870
59871
59875
59876
59877
59879
59908
59915
59916
59919
59921
59932
59933
59946
59947
59964
59965
59973
60004
60005
60006
60007
60022
60023
60026
60027
60049
60050
60063
60085
60094
60095
60096
60098
60099
60100
60101
60103
60104
60113
60147
60148
60166
60167
60202
60203
60218
60219
60223
60224
60225
60226
60231
60232
60278
60279
60280
60281
60283
60284
60293
60294
60364
60365
60370
60371
60372
60388
60389
60399
60400
60402
60403
60404
60405
60414
60415
60426
60427
60435
60436
60437
60438
60489
60490
60498
60499
60500
60504
60505
60512
60514
60515
60529
60537
60538
60556
60557
60558
60565
60566
60567
60568
60571
60572
60573
60574
60580
60581
60583
60584
60586
60587
60590
60591
60613
60614
60631
60632
60679
60680
60682
60683
60691
60692
60696
60697
60707
60708
60720
60721
60726
60727
60729
60730
60747
60748
60754
60755
60758
60759
60768
60769
60772
60773
60781
60782
60783
60784
60799
60800
60811
60812
60818
60819
60829
60830
60868
60869
60879
60880
60883
60884
60905
60906
60914
60915
60916
60917
60922
60923
60929
60930
60947
60948
60968
60969
60976
60977
60995
60996
60997
60998
61010
61011
61024
61025
61030
61031
61057
61058
61061
61062
61068
61069
61078
61079
61097
61098
61099
61100
61107
61108
61147
61148
61156
61157
61158
61168
61169
61170
61171
61172
61173
61196
61198
61201
61202
61213
61214
61219
61220
61221
61222
61225
61226
61227
61228
61238
61239
61253
61254
61256
61257
61260
61261
61280
61281
61295
61296
61300
61301
61304
61305
61306
61315
61331
61332
61365
61366
61367
61368
61370
61371
61376
61377
61381
61382
61434
61435
61436
61437
61458
61459
61466
61505
61528
61529
61535
61536
61611
61612
61630
61631
61639
61640
61649
61650
61672
61673
61679
61680
61757
61758
61768
61769
61815
61816
61826
61827
61828
61829
61835
61836
61841
61842
61843
61849
61850
61879
61880
61883
61884
61896
61897
61898
61899
61911
61912
61919
61920
61943
61944
61945
61946
61960
61961
62000
62007
62081
62084
62089
62090
62095
62096
62116
62117
62118
62127
62128
62156
62157
62162
62163
62168
62169
62185
62186
62214
62215
62223
62224
62229
62236
62237
62238
62239
62245
62246
62270
62271
62286
62287
62288
62289
62354
62355
62397
62398
62445
62446
62471
62474
62485
62486
62525
62526
62557
62558
62559
62560
62581
62598
62599
62601
62636
62637
62662
62663
62714
62715
62722
62723
62726
62727
62734
62735
62738
62739
62778
62779
62792
62793
62796
62797
62798
62799
62830
62831
62834
62835
62862
62863
62882
62883
62926
62927
62930
62931
62933
62934
62939
62940
62969
62970
62980
62981
62983
62992
62993
62995
62996
63011
63015
63016
63054
63055
63064
63066
63080
63081
63105
63108
63115
63116
63120
63121
63138
63139
63180
63181
63214
63215
63231
63232
63234
63235
63239
63240
63242
63243
63244
63245
63250
63251
63266
63267
63325
63328
63329
63345
63346
63347
63351
63352
63371
63372
63377
63384
63385
63386
63387
63388
63389
63399
63400
63402
63418
63419
63424
63425
63438
63439
63456
63457
63465
63466
63469
63470
63473
63474
63483
63484
63532
63533
63556
63557
63558
63559
63561
63562
63574
63575
63591
63592
63599
63600
63601
63602
63603
63604
63616
63645
63651
63655
63685
63686
63688
63689
63690
63691
63701
63702
63703
63704
63716
63717
63723
63724
63742
63743
63744
63746
63751
63752
63764
63765
63767
63771
63782
63783
63784
63796
63800
63801
63813
63814
63830
63831
63840
63841
63849
63850
63865
63866
63879
63880
63881
63882
63940
63941
63958
63959
63974
63975
63979
63980
63983
63984
63991
63992
64086
64087
64162
64163
64177
64178
64232
64233
64259
64260
64262
64263
64267
64268
64271
64282
64283
64289
64293
64294
64328
64329
64383
64385
64386
64389
64390
64391
64392
64396
64397
64408
64409
64411
64441
64442
64465
64466
64469
64470
64523
64524
64531
64532
64598
64599
64613
64614
64631
64632
64642
64646
64647
64650
64651
64653
64675
64676
64680
64681
64682
64694
64695
64696
64700
64701
64713
64714
64718
64719
64721
64723
64738
64739
64763
64764
64768
64769
64770
64771
64774
64775
64780
64781
64794
64795
64797
64798
64810
64811
64819
64821
64822
64828
64829
64830
64834
64840
64843
64844
64845
64859
64860
64871
64872
64875
64917
64918
64920
64921
64922
64923
64926
64927
64928
64944
64945
64948
64949
64963
64971
64974
64975
64985
64986
64988
64989
65008
65009
65031
65033
65034
65035
65059
65060
65083
65084
65096
65097
65100
65101
65111
65112
65134
65135
65139
65148
65163
65164
65189
65190
65199
65200
65248
65249
65280
65281
65290
65291
65315
65316
65327
65328
65332
65333
65342
65343
65456
65457
65463
65464
65505
65506
65586
65587
65603
65604
65644
65669
65670
65672
65673
65678
65679
65708
65709
65729
65730
65740
65744
65745
65746
65748
65749
65750
65751
65754
65764
65766
65769
65770
65791
65792
65805
65806
65841
65842
65852
65853
65867
65868
65873
65874
65875
65876
65881
65882
65919
65920
65935
65936
65949
65950
65954
65955
65961
65962
65978
65979
65981
65982
65987
65988
66002
66003
66033
66034
66064
66065
66066
66067
66086
66087
66090
66091
66100
66101
66103
66104
66105
66107
66108
66110
66111
66114
66115
66119
66120
66125
66126
66127
66131
66132
66135
66136
66138
66139
66158
66159
66214
66215
66223
66226
66227
66243
66244
66245
66256
66257
66258
66270
66277
66281
66282
66300
66304
66335
66336
66349
66352
66353
66355
66356
66358
66427
66428
66454
66455
66462
66463
66471
66472
66511
66512
66513
66517
66518
66548
66549
66554
66555
66558
66559
66584
66585
66596
66597
66606
66607
66617
66618
66625
66629
66630
66631
66643
66644
66649
66650
66652
66653
66659
66660
66688
66689
66693
66694
66718
66719
66722
66723
66724
66725
66728
66729
66730
66731
66732
66733
66734
66735
66736
66737
66738
66739
66744
66745
66750
66751
66768
66769
66771
66772
66774
66775
66776
66777
66782
66785
66787
66788
66792
66793
66804
66805
66822
66823
66836
66837
66849
66850
66862
66863
66866
66867
66882
66883
66885
66886
66887
66891
66892
66898
66899
66900
66901
66903
66904
66905
66906
66912
66936
66938
66939
66940
66941
66946
66947
66963
66964
66969
66970
66973
66974
66975
66976
66984
66988
66989
66994
66995
67000
67001
67002
67003
67027
67028
67032
67035
67042
67043
67053
67054
67058
67081
67087
67088
67089
67100
67101
67105
67106
67123
67158
67175
67176
67181
67187
67188
67190
67199
67200
67256
67257
67258
67259
67264
67265
67275
67276
67290
67291
67322
67323
67384
67385
67400
67401
67418
67419
67425
67426
67431
67432
67434
67435
67444
67445
67449
67450
67460
67461
67462
67463
67546
67547
67563
67564
67565
67566
67574
67575
67608
67609
67611
67620
67621
67628
67629
67631
67632
67633
67658
67659
67707
67708
67716
67717
67719
67748
67749
67771
67772
67779
67780
67782
67783
67789
67827
67828
67846
67848
67850
67851
67863
67864
67866
67867
67896
67898
67921
67924
67948
67949
67979
67980
67981
68025
68026
68027
68028
68031
68073
68074
68082
68083
68115
68116
68119
68120
68124
68125
68127
68128
68129
68130
68132
68133
68135
68136
68140
68141
68155
68156
68159
68160
68161
68162
68171
68172
68175
68176
68181
68182
68192
68193
68198
68199
68245
68246
68269
68270
68273
68274
68288
68289
68310
68311
68313
68314
68342
68343
68362
68364
68529
68530
68538
68539
68544
68545
68564
68583
68584
68612
68613
68621
68622
68633
68635
68636
68638
68639
68660
68678
68692
68693
68704
68705
68708
68726
68734
68735
68757
68758
68759
68760
68761
68763
68764
68765
68766
68767
68791
68792
68813
68814
68819
68820
68823
68827
68828
68829
68832
68833
68837
68842
68862
68863
68923
68924
68937
68939
68967
68968
68982
68983
69002
69003
69018
69019
69032
69033
69044
69045
69065
69066
69074
69075
69079
69080
69081
69082
69094
69095
69138
69139
69160
69161
69206
69207
69223
69230
69244
69246
69247
69248
69249
69250
69252
69254
69255
69265
69273
69285
69286
69292
69293
69294
69295
69315
69316
69319
69320
69358
69359
69364
69365
69367
69368
69423
69424
69535
69536
69557
69558
69583
69584
69603
69604
69607
69608
69610
69611
69632
69633
69667
69668
69681
69682
69752
69753
69754
69755
69890
69891
69905
69906
70050
70051
70087
70088
70124
70125
70155
70162
70163
70172
70173
70185
70205
70206
70217
70218
70226
70227
70244
70245
70276
70277
70293
70294
70310
70311
70312
70314
70315
70323
70324
70343
70352
70371
70372
70378
70379
70388
70393
70410
70411
70420
70421
70439
70440
70443
70444
70460
70461
70500
70501
70541
70542
70549
70550
70561
70562
70564
70566
70567
70572
70584
70585
70593
70594
70600
70601
70602
70611
70615
70626
70745
70746
70779
70780
70781
70782
70795
70798
70799
70805
70822
70823
70846
70847
70858
70869
70876
70877
70882
70883
70906
70907
70909
70910
70919
70920
71006
71007
71032
71043
71102
71103
71110
71111
71124
71125
71154
71155
71164
71165
71197
71225
71235
71240
71269
71270
71275
71276
71293
71294
71302
71303
71309
71310
71311
71312
71320
71321
71383
71384
71386
71387
71391
71392
71412
71413
71425
71426
71443
71444
71452
71453
71459
71460
71477
71478
71480
71481
71490
71491
71496
71497
71499
71500
71503
71504
71506
71507
71512
71513
71543
71544
71554
71559
71561
71562
71563
71572
71595
71596
71644
71645
71647
71648
71649
71650
71654
71656
71657
71658
71659
71665
71666
71685
71686
71744
71745
71814
71815
71816
71817
71854
71855
71878
71879
71891
71892
71908
71909
72016
72017
72087
72088
72120
72121
72144
72145
72152
72153
72163
72164
72166
72167
72196
72197
72222
72223
72296
72297
72320
72321
72322
72323
72324
72325
72327
72341
72428
72453
72454
72467
72468
72488
72500
72501
72509
72510
72550
72574
72575
72580
72581
72648
72649
72664
72665
72674
72675
72705
72722
72734
72743
72744
72745
72748
72749
72750
72788
72789
72793
72794
72801
72806
72823
72824
72825
72826
72828
72829
72830
72833
72834
72844
72847
72848
72853
72862
72863
72866
72868
72877
72878
72879
72880
72892
72894
72907
72908
72909
72910
72914
72915
72926
72927
72942
72943
72947
72953
72965
72966
72981
72990
72991
73001
73002
73004
73023
73024
73032
73033
73046
73047
73060
73061
73062
73063
73064
73065
73130
73131
73138
73139
73150
73151
73154
73155
73163
73164
73170
73171
73186
73187
73188
73189
73211
73212
73215
73216
73223
73224
73227
73228
73243
73244
73258
73259
73261
73262
73268
73269
73270
73271
73275
73276
73282
73283
73297
73298
73311
73312
73326
73327
73346
73347
73359
73360
73361
73362
73365
73371
73372
73373
73386
73387
73396
73397
73424
73425
73427
73440
73441
73442
73470
73485
73535
73536
73538
73539
73541
73542
73545
73546
73610
73611
73614
73615
73631
73632
73637
73638
73640
73641
73670
73671
73693
73694
73703
73704
73707
73708
73713
73714
73718
73719
73720
73721
73722
73724
73725
73749
73750
73762
73763
73764
73765
73778
73779
73805
73806
73896
73897
73899
73901
73938
73940
73964
73965
73993
73997
74061
74062
74097
74098
74116
74117
74118
74125
74126
74132
74133
74160
74161
74162
74165
74173
74174
74179
74203
74204
74219
74220
74234
74252
74253
74259
74260
74263
74264
74265
74266
74279
74280
74329
74356
74357
74400
74401
74403
74404
74420
74426
74427
74436
74437
74443
74445
74446
74513
74522
74581
74582
74583
74585
74587
74588
74628
74629
74631
74632
74633
74634
74668
74669
74723
74724
74726
74727
74731
74732
74750
74751
74755
74756
74757
74758
74769
74770
74781
74782
74798
74799
74815
74824
74825
74826
74827
74834
74883
74884
74885
74908
74939
74940
74941
74960
74999
75000
75005
75006
75047
75048
75053
75054
75100
75101
75162
75163
75177
75183
75187
75188
75201
75202
75203
75204
75218
75224
75253
75254
75268
75269
75270
75271
75284
75285
75311
75312
75314
75315
75327
75329
75331
75332
75338
75339
75368
75369
75386
75395
75396
75398
75399
75401
75402
75420
75421
75430
75435
75436
75452
75455
75456
75474
75475
75482
75500
75501
75506
75515
75516
75519
75527
75528
75544
75545
75559
75560
75577
75578
75580
75581
75595
75596
75606
75607
75610
75611
75617
75618
75620
75621
75622
75623
75645
75646
75661
75662
75688
75689
75729
75732
75733
75763
75764
75794
75795
75801
75802
75803
75804
75846
75847
75867
75868
75899
75900
75917
75918
75931
75932
75947
75948
75954
75955
75956
75957
75963
75964
75987
75988
76041
76043
76045
76049
76067
76068
76074
76075
76085
76089
76132
76133
76143
76144
76196
76197
76229
76230
76278
76296
76303
76311
76316
76317
76324
76325
76347
76348
76352
76361
76376
76377
76419
76420
76446
76452
76453
76467
76474
76475
76492
76493
76516
76517
76524
76527
76532
76533
76538
76541
76558
76559
76575
76576
76577
76578
76579
76580
76587
76588
76589
76590
76604
76608
76684
76685
76686
76687
76688
76689
76700
76701
76768
76769
76773
76774
76775
76776
76777
76778
76779
76780
76781
76782
76791
76792
76793
76794
76797
76798
76806
76820
76821
76822
76823
76834
76836
76837
76849
76850
76851
76852
76873
76903
76904
76906
76907
76908
76909
76916
76928
76929
76930
76931
76932
76934
76940
76948
76983
76984
76987
76988
76999
77000
77002
77003
77010
77011
77012
77013
77050
77051
77069
77070
77078
77079
77091
77106
77107
77113
77114
77126
77127
77128
77148
77149
77154
77155
77171
77172
77182
77183
77185
77186
77191
77192
77216
77217
77238
77239
77241
77242
77245
77246
77247
77248
77249
77255
77276
77277
77311
77312
77317
77318
77327
77328
77334
77335
77344
77345
77380
77381
77404
77405
77431
77432
77442
77443
77448
77449
77460
77461
77470
77471
77472
77473
77505
77506
77509
77513
77514
77545
77546
77547
77549
77550
77557
77558
77559
77560
77634
77635
77648
77649
77683
77684
77685
77686
77694
77695
77704
77705
77706
77707
77751
77754
77800
77801
77814
77815
77860
77861
77879
77880
77896
77897
77916
77920
77940
77942
77943
77964
77997
78004
78005
78013
78014
78023
78024
78041
78110
78112
78113
78119
78124
78125
78127
78128
78138
78139
78209
78210
78232
78233
78256
78257
78274
78281
78282
78284
78301
78320
78321
78333
78334
78337
78338
78354
78357
78372
78373
78378
78392
78397
78398
78422
78424
78428
78429
78458
78464
78477
78478
78480
78485
78488
78489
78497
78498
78510
78520
78522
78523
78691
78692
78698
78699
78704
78705
78712
78713
78714
78716
78717
78723
78724
78728
78740
78749
78750
78755
78831
78832
78871
78872
78904
78905
78912
78913
78981
78982
79039
79040
79045
79046
79080
79081
79123
79124
79139
79140
79155
79165
79166
79168
79169
79177
79178
79187
79188
79189
79190
79191
79197
79198
79201
79202
79216
79222
79223
79226
79227
79247
79251
79252
79294
79295
79302
79303
79362
79374
79427
79428
79473
79485
79492
79493
79494
79495
79526
79527
79535
79538
79539
79541
79583
79584
79585
79586
79632
79633
79645
79646
79647
79648
79650
79651
79718
79719
79721
79723
79724
79725
79726
79751
79752
79766
79767
79789
79829
79842
79843
79852
79853
79904
79905
79906
79907
79910
79911
79915
79916
79920
79921
79922
79923
79932
79933
79936
79937
79939
79940
79943
79944
79948
79949
79950
79954
79955
79969
79970
79973
79974
79982
79983
79984
79985
79986
79987
79989
79990
79991
79992
79994
79995
80013
80014
80020
80021
80023
80024
80028
80029
80048
80049
80050
80051
80067
80068
80097
80098
80099
80100
80104
80111
80165
80166
80232
80233
80236
80237
80327
80328
80343
80344
80347
80348
80354
80355
80356
80357
80360
80361
80368
80369
80380
80381
80386
80387
80418
80419
80428
80429
80514
80515
80532
80533
80584
80585
80600
80601
80610
80611
80624
80625
80632
80633
80659
80660
80674
80675
80681
80682
80698
80699
80819
80821
80830
80831
80832
80833
80876
80877
80879
80880
80904
80905
80918
80919
80925
80926
80936
80937
80945
80946
80957
80958
80999
81000
81018
81019
81036
81037
81049
81050
81054
81067
81068
81071
81072
81073
81074
81076
81077
81081
81082
81090
81091
81092
81093
81094
81095
81101
81102
81105
81106
81109
81110
81113
81114
81115
81116
81128
81129
81135
81136
81146
81148
81152
81154
81160
81161
81163
81164
81180
81181
81186
81202
81203
81214
81215
81262
81263
81269
81270
81276
81277
81293
81294
81334
81349
81353
81354
81384
81385
81386
81401
81405
81428
81429
81433
81434
81447
81448
81450
81451
81477
81478
81520
81521
81605
81606
81640
81641
81644
81645
81659
81663
81693
81695
81696
81699
81700
81712
81713
81725
81726
81770
81798
81799
81900
81901
81905
81917
81919
81920
81921
81922
81923
81924
81925
81926
81933
81934
81936
81937
81941
81942
82095
82096
82182
82183
82193
82194
82197
82198
82202
82203
82207
82208
82209
82210
82284
82285
82287
82288
82299
82300
82307
82308
82310
82311
82314
82315
82334
82335
82336
82337
82354
82358
82371
82372
82374
82375
82389
82401
82405
82406
82503
82504
82526
82527
82529
82530
82536
82545
82612
82613
82614
82615
82621
82622
82677
82678
82696
82698
82699
82701
82713
82714
82718
82719
82788
82789
82804
82805
82828
82829
82841
82842
82857
82858
82881
82882
82927
82928
82958
82969
82970
82971
82974
82976
82987
82988
82991
82992
83004
83005
83006
83015
83018
83019
83035
83036
83037
83038
83040
83041
83061
83062
83075
83076
83080
83081
83085
83086
83087
83088
83104
83110
83111
83126
83138
83139
83140
83141
83145
83146
83178
83179
83181
83182
83187
83188
83297
83298
83305
83306
83320
83321
83327
83328
83335
83336
83347
83352
83353
83354
83376
83377
83381
83382
83390
83391
83431
83432
83450
83451
83464
83465
83470
83471
83484
83485
83487
83488
83501
83507
83508
83509
83510
83522
83523
83527
83528
83532
83533
83535
83536
83538
83539
83553
83580
83581
83608
83609
83610
83642
83643
83677
83686
83693
83694
83695
83696
83701
83732
83736
83737
83757
83758
83762
83767
83782
83783
83790
83791
83808
83816
83818
83822
83823
83828
83829
83866
83867
83875
83876
83893
83894
83934
83935
83942
83943
83950
83961
83971
83972
83973
83975
83988
83989
83992
83993
84014
84026
84027
84028
84045
84046
84068
84069
84098
84099
84114
84115
84116
84120
84121
84127
84128
84129
84130
84131
84143
84153
84185
84186
84187
84188
84284
84286
84298
84305
84335
84336
84347
84348
84378
84379
84386
84387
84395
84396
84406
84407
84411
84412
84413
84414
84426
84427
84428
84432
84566
84567
84589
84590
84606
84607
84629
84630
84699
84700
84763
84764
84765
84774
84781
84782
84836
84837
84844
84845
84858
84873
84883
84902
84903
84904
84920
84921
84975
84976
84979
84980
85012
85013
85080
85081
85136
85137
85140
85141
85142
85143
85157
85158
85164
85168
85169
85171
85174
85175
85179
85180
85181
85182
85194
85195
85204
85205
85216
85217
85286
85287
85292
85293
85295
85317
85318
85322
85356
85357
85368
85380
85386
85399
85405
85406
85407
85514
85515
85536
85537
85538
85539
85547
85548
85607
85608
85609
85610
85612
85613
85614
85619
85620
85627
85628
85707
85708
85714
85725
85726
85740
85743
85744
85747
85797
85798
85838
85843
85844
85846
85883
85884
85890
85891
85909
85910
85923
85924
85926
85927
85976
85985
86005
86006
86023
86024
86045
86046
86047
86048
86050
86051
86058
86059
86076
86077
86125
86126
86130
86131
86151
86152
86214
86215
86219
86220
86222
86223
86229
86230
86255
86256
86262
86263
86281
86282
86323
86324
86353
86354
86356
86382
86401
86408
86409
86413
86427
86452
86548
86549
86622
86623
86624
86625
86641
86645
86651
86652
86699
86700
86706
86707
86725
86726
86736
86737
86807
86808
86861
86862
86874
86875
86878
86879
86886
86890
86891
86898
86899
86901
86917
86919
86920
86921
86977
86978
87009
87010
87013
87014
87023
87024
87032
87033
87034
87035
87040
87041
87049
87050
87056
87060
87061
87076
87077
87085
87089
87090
87112
87113
87127
87128
87136
87137
87161
87162
87163
87164
87186
87187
87199
87200
87209
87210
87259
87260
87261
87263
87264
87265
87268
87269
87277
87279
87281
87282
87294
87309
87310
87325
87326
87327
87328
87330
87331
87332
87336
87342
87345
87353
87354
87358
87369
87370
87372
87373
87381
87382
87390
87391
87412
87413
87415
87416
87424
87425
87465
87466
87467
87468
87487
87488
87489
87490
87526
87547
87561
87578
87579
87596
87597
87603
87606
87607
87608
87613
87620
87621
87625
87626
87635
87636
87647
87648
87689
87690
87711
87750
87751
87770
87771
87772
87811
87822
87823
87828
87850
87852
87870
87871
87886
87887
87889
87890
87936
87937
87947
87948
87970
87971
87975
87976
87984
87985
87995
87996
88005
88006
88009
88010
88044
88057
88058
88091
88092
88101
88102
88113
88115
88118
88162
88168
88169
88174
88199
88202
88239
88240
88241
88247
88248
88278
88279
88283
88284
88299
88300
88304
88305
88327
88328
88334
88335
88349
88350
88421
88422
88438
88439
88465
88466
88470
88471
88498
88499
88501
88502
88528
88529
88576
88577
88582
88583
88584
88585
88589
88590
88594
88595
88608
88609
88614
88615
88619
88620
88625
88626
88638
88639
88648
88649
88650
88721
88738
88739
88757
88758
88766
88779
88780
88784
88785
88790
88791
88813
88814
88816
88825
88826
88829
88837
88838
88840
88841
88845
88846
88865
88866
88895
88896
88921
88922
88933
88934
88936
88938
88978
88979
88995
88996
89028
89029
89072
89073
89128
89129
89132
89133
89149
89150
89166
89167
89190
89191
89198
89199
89200
89201
89203
89204
89261
89262
89280
89281
89285
89286
89287
89288
89289
89290
89294
89297
89299
89300
89301
89319
89324
89328
89329
89335
89339
89396
89397
89398
89476
89477
89490
89564
89565
89567
89568
89607
89608
89612
89613
89616
89617
89671
89672
89700
89701
89708
89709
89710
89711
89712
89713
89766
89767
89786
89787
89793
89812
89814
89815
89820
89821
89871
89877
89904
89905
89907
89908
89912
89913
89920
89921
89922
89930
89931
89935
89943
89944
89996
89997
90028
90029
90032
90033
90041
90042
90043
90044
90060
90061
90062
90063
90068
90069
90106
90107
90133
90137
90138
90143
90168
90169
90190
90191
90192
90193
90216
90217
90310
90311
90354
90364
90365
90371
90375
90376
90380
90381
90390
90391
90392
90393
90394
90406
90407
90421
90422
90424
90425
90428
90429
90435
90436
90456
90488
90489
90502
90503
90509
90510
90512
90513
90568
90569
90570
90571
90592
90593
90600
90601
90603
90604
90608
90609
90651
90652
90665
90666
90680
90681
90688
90689
90717
90718
90736
90737
90749
90759
90784
90785
90803
90804
90819
90820
90829
90830
90894
90895
90933
90934
90946
90953
90971
90972
90973
90978
90979
90993
90997
90998
91003
91004
91007
91008
91010
91011
91032
91033
91035
91043
91051
91052
91053
91054
91068
91079
91088
91089
91203
91205
91212
91213
91223
91224
91299
91300
91305
91306
91310
91311
91313
91314
91326
91327
91348
91349
91371
91372
91373
91374
91421
91422
91473
91477
91478
91485
91500
91501
91506
91507
91521
91522
91538
91539
91544
91545
91601
91602
91604
91605
91612
91613
91623
91624
91625
91626
91628
91629
91643
91644
91665
91666
91669
91670
91674
91675
91679
91680
91682
91683
91685
91686
91691
91692
91699
91700
91701
91702
91718
91722
91739
91740
91772
91773
91840
91843
91844
91854
91855
91863
91864
91866
91899
91900
91907
91908
91920
91921
91922
91923
91936
91937
91956
91957
91987
91988
92001
92002
92026
92042
92043
92048
92049
92060
92068
92069
92079
92081
92083
92084
92124
92130
92131
92134
92135
92152
92153
92175
92176
92181
92182
92195
92235
92236
92260
92261
92264
92266
92272
92273
92288
92289
92296
92297
92346
92347
92350
92351
92362
92363
92384
92385
92400
92401
92430
92431
92451
92452
92463
92464
92507
92508
92512
92513
92535
92536
92549
92550
92566
92567
92568
92569
92573
92574
92578
92593
92594
92605
92606
92658
92659
92660
92661
92676
92677
92683
92694
92695
92697
92698
92705
92706
92708
92709
92710
92711
92716
92717
92719
92720
92730
92731
92747
92748
92760
92761
92785
92786
92793
92794
92799
92800
92807
92808
92811
92812
92838
92839
92855
92856
92857
92858
92878
92879
92881
92882
92885
92921
92929
92930
92954
92956
92958
92959
92984
92988
92989
93000
93003
93004
93006
93007
93009
93010
93011
93012
93031
93032
93046
93047
93065
93066
93090
93091
93113
93115
93180
93181
93185
93186
93194
93195
93218
93219
93222
93223
93240
93241
93252
93253
93368
93369
93383
93384
93392
93393
93395
93396
93400
93401
93420
93421
93424
93425
93429
93430
93443
93444
93445
93446
93455
93456
93473
93474
93477
93522
93523
93526
93527
93539
93540
93543
93553
93554
93586
93596
93597
93639
93640
93641
93660
93661
93699
93700
93703
93704
93705
93706
93707
93708
93710
93711
93712
93719
93726
93727
93729
93730
93737
93742
93743
93757
93796
93797
93801
93802
93832
93833
93841
93842
93848
93849
93870
93904
93921
93922
93970
93971
93990
93991
93994
93995
94013
94014
94030
94033
94034
94035
94036
94040
94041
94059
94060
94061
94076
94077
94093
94094
94098
94099
94101
94102
94112
94113
94116
94117
94215
94216
94244
94250
94295
94296
94305
94306
94310
94315
94398
94399
94405
94419
94420
94421
94426
94427
94433
94434
94442
94461
94523
94524
94539
94540
94543
94544
94605
94606
94614
94615
94647
94648
94650
94651
94669
94670
94694
94695
94698
94706
94707
94708
94709
94710
94711
94740
94741
94742
94743
94745
94746
94749
94750
94752
94754
94755
94762
94764
94770
94771
94775
94776
94780
94781
94788
94789
94791
94792
94794
94795
94800
94801
94820
94821
94846
94847
94880
94881
94885
94886
94891
94892
94917
94918
94931
94932
94972
94973
94975
94976
94981
94982
95000
95001
95005
95006
95015
95016
95040
95041
95052
95053
95070
95071
95080
95081
95086
95087
95090
95091
95092
95093
95100
95101
95107
95108
95112
95113
95114
95115
95116
95117
95123
95124
95132
95133
95141
95142
95154
95155
95180
95181
95224
95225
95270
95271
95272
95273
95274
95302
95315
95316
95317
95319
95320
95330
95331
95364
95365
95380
95381
95388
95389
95398
95399
95408
95409
95461
95462
95467
95468
95475
95476
95493
95495
95505
95506
95528
95529
95534
95535
95562
95563
95566
95567
95573
95574
95576
95577
95578
95582
95583
95587
95607
95608
95611
95612
95619
95620
95634
95635
95636
95637
95642
95643
95654
95655
95661
95662
95684
95685
95691
95692
95693
95714
95715
95739
95740
95748
95752
95811
95812
95819
95820
95829
95830
95837
95838
95841
95842
95852
95854
95855
95856
95857
95858
95859
95861
95862
95870
95871
95877
95878
95879
95880
95894
95895
95906
95907
95921
95922
95959
95960
95976
95977
95991
95992
96003
96008
96009
96027
96028
96031
96032
96036
96037
96042
96079
96080
96093
96094
96104
96105
96111
96112
96115
96116
96129
96130
96134
96135
96141
96142
96182
96187
96188
96205
96206
96208
96209
96218
96219
96221
96223
96225
96279
96280
96289
96290
96297
96298
96299
96312
96313
96324
96325
96326
96327
96332
96333
96342
96343
96345
96346
96350
96351
96352
96353
96356
96374
96375
96378
96379
96386
96387
96401
96402
96413
96441
96442
96443
96476
96477
96479
96480
96482
96512
96513
96557
96558
96574
96575
96583
96584
96604
96605
96612
96613
96618
96619
96625
96639
96727
96728
96753
96754
96757
96758
96761
96762
96766
96773
96779
96783
96793
96794
96832
96833
96837
96838
96895
96896
96910
96911
96922
96923
96977
96979
97035
97036
97042
97043
97061
97062
97080
97081
97108
97109
97126
97127
97147
97148
97163
97164
97265
97269
97270
97271
97272
97273
97274
97285
97286
97293
97294
97296
97297
97316
97317
97319
97320
97335
97336
97340
97341
97346
97347
97354
97355
97373
97374
97379
97380
97437
97438
97444
97445
97463
97464
97488
97489
97500
97501
97503
97508
97546
97547
97551
97552
97557
97558
97565
97571
97580
97581
97596
97608
97613
97614
97621
97658
97660
97661
97666
97671
97672
97681
97700
97701
97710
97711
97716
97726
97758
97759
97769
97770
97787
97796
97819
97820
97838
97839
97840
97843
97844
97856
97860
97861
97925
97926
97928
97929
97930
97932
97944
97945
97948
97949
97950
97951
97952
97954
97955
97964
97965
98074
98075
98076
98077
98079
98080
98098
98099
98123
98124
98128
98129
98134
98135
98155
98156
98174
98175
98176
98177
98183
98195
98198
98199
98202
98204
98219
98220
98233
98234
98236
98237
98239
98240
98283
98284
98300
98301
98312
98313
98330
98331
98332
98333
98334
98335
98336
98337
98338
98340
98341
98343
98344
98345
98346
98347
98352
98353
98377
98378
98397
98398
98423
98424
98426
98427
98455
98456
98466
98475
98476
98487
98488
98495
98505
98520
98527
98528
98533
98534
98535
98536
98538
98553
98556
98557
98579
98580
98585
98586
98639
98640
98657
98658
98659
98660
98661
98662
98672
98673
98704
98705
98713
98735
98736
98737
98738
98739
98746
98747
98763
98764
98768
98770
98775
98776
98781
98782
98791
98792
98802
98803
98805
98806
98818
98819
98889
98898
98946
98947
98949
98950
98954
98959
98960
98961
98962
98963
98964
98965
98966
98967
98968
98969
99002
99003
99023
99032
99047
99048
99067
99068
99096
99097
99099
99100
99101
99102
99103
99124
99125
99162
99163
99164
99165
99168
99169
99173
99174
99201
99221
99222
99234
99235
99304
99305
99337
99338
99344
99345
99352
99353
99390
99391
99402
99403
99407
99408
99444
99445
99455
99456
99475
99476
99477
99478
99507
99509
99510
99546
99567
99568
99595
99598
99639
99640
99722
99723
99757
99768
99769
99773
99774
99775
99776
99777
99778
99779
99780
99796
99797
99813
99814
99818
99819
99824
99825
99826
99827
99847
99848
99851
99883
99884
99893
99894
99899
99900
99905
99906
99910
99911
99916
99917
99924
99925
99930
99931
99991
99992
99996
100001
100009
100010
100013
100014
100019
100020
100028
100029
100037
100061
100062
100080
100081
100082
100083
100101
100104
100110
100111
100112
100128
100129
100130
100162
100163
100207
100209
100210
100225
100261
100265
100266
100270
100271
100272
100273
100296
100297
100300
100301
100313
100314
100336
100337
100348
100349
100401
100402
100409
100410
100414
100415
100445
100446
100448
100449
100450
100451
100453
100454
100455
100456
100526
100527
100529
100530
100540
100541
100560
100561
100564
100565
100576
100577
100601
100602
100644
100645
100646
100647
100649
100650
100696
100697
100700
100701
100708
100709
100724
100725
100758
100759
100762
100763
100792
100793
100811
100816
100826
100827
100830
100831
100835
100836
100839
100840
100841
100864
100866
100875
100876
100909
100910
100924
100925
100950
100951
100956
100957
101000
101001
101014
101015
101020
101021
101028
101029
101033
101034
101035
101135
101136
101139
101140
101152
101153
101167
101168
101169
101177
101178
101183
101184
101186
101189
101195
101216
101217
101220
101221
101230
101231
101235
101236
101250
101251
101252
101253
101263
101264
101268
101276
101286
101293
101294
101357
101358
101364
101365
101373
101374
101375
101376
101394
101395
101396
101415
101416
101436
101437
101466
101467
101482
101483
101487
101488
101508
101509
101553
101554
101591
101592
101627
101628
101630
101631
101635
101636
101647
101648
101656
101657
101667
101668
101705
101706
101707
101708
101725
101726
101727
101728
101730
101731
101734
101735
101738
101739
101747
101748
101758
101759
101772
101773
101788
101789
101799
101800
101807
101808
101813
101814
101824
101825
101826
101827
101832
101833
101847
101848
101864
101865
101869
101870
101871
101879
101880
101887
101888
101890
101891
101900
101901
101903
101904
101916
101917
101923
101924
101925
101926
101950
101951
101955
101956
101962
101963
101964
101965
101971
101976
101986
101987
101988
101989
102013
102014
102029
102071
102072
102074
102075
102076
102077
102098
102099
102101
102103
102104
102114
102116
102117
102121
102122
102123
102137
102138
102145
102146
102152
102153
102190
102191
102217
102218
102219
102225
102226
102257
102258
102259
102260
102310
102311
102339
102340
102341
102342
102343
102344
102353
102354
102357
102358
102424
102425
102497
102498
102510
102511
102576
102577
102588
102589
102602
102603
102605
102606
102612
102642
102643
102645
102646
102655
102656
102671
102699
102724
102725
102733
102734
102771
102772
102773
102774
102849
102850
102855
102856
102870
102871
102885
102886
102923
102932
102941
102942
102943
102944
102945
102970
102971
103000
103001
103029
103030
103035
103036
103048
103049
103069
103070
103095
103126
103127
103162
103163
103164
103165
103166
103167
103168
103169
103170
103171
103193
103194
103198
103199
103203
103204
103210
103211
103213
103214
103215
103216
103221
103222
103278
103279
103312
103313
103352
103353
103354
103355
103356
103357
103358
103359
103360
103361
103362
103363
103364
103365
103379
103380